t = 0:0.1:5;
dane_test=[
0.5000 0.5250 0.5500 0.5750 0.6000 0.6250 0.6500 0.6750 0.7000 0.7250 0.7500 0.7750 0.8000 0.8250 0.8500 0.8750 0.9000 0.9250 0.9500 0.9750 1.0000 1.0250 1.0500 1.0750 1.1000 1.1250 1.1500 1.1750 1.2000 1.2250 1.2500 1.2750 1.3000 1.3250 1.3500 1.3750 1.4000 1.4250 1.4500 1.4750 1.5000 1.5250 1.5500 1.5750 1.6000 1.6250 1.6500 1.6750 1.7000 1.7250 1.7500 ;
1.5000 1.3187 1.1703 1.0488 0.9493 0.8679 0.8012 0.7466 0.7019 0.6653 0.6353 0.6108 0.5907 0.5743 0.5608 0.5498 0.5408 0.5334 0.5273 0.5224 0.5183 0.5150 0.5123 0.5101 0.5082 0.5067 0.5055 0.5045 0.5037 0.5030 0.5025 0.5020 0.5017 0.5014 0.5011 0.5009 0.5007 0.5006 0.5005 0.5004 0.5003 0.5003 0.5002 0.5002 0.5002 0.5001 0.5001 0.5001 0.5001 0.5001 0.5000 ;
1.0000 0.9344 0.8852 0.8494 0.8247 0.8089 0.8006 0.7983 0.8009 0.8076 0.8177 0.8304 0.8454 0.8621 0.8804 0.8999 0.9204 0.9417 0.9637 0.9862 1.0092 1.0325 1.0561 1.0800 1.1041 1.1284 1.1528 1.1773 1.2018 1.2265 1.2512 1.2760 1.3008 1.3257 1.3506 1.3755 1.4004 1.4253 1.4503 1.4752 1.5002 1.5251 1.5501 1.5751 1.6001 1.6251 1.6501 1.6750 1.7000 1.7250 1.7500 ;
0.7500 0.7500 0.7500 0.7500 0.7500 0.7500 0.7500 0.7500 0.7500 0.7500 0.7500 0.7500 0.7500 0.7500 0.7500 0.7500 0.7500 0.7500 0.7500 0.7500 0.7500 0.7500 0.7500 0.7500 0.7500 0.7500 0.7500 0.7500 0.7500 0.7500 0.7500 0.7500 0.7500 0.7500 0.7500 0.7500 0.7500 0.7500 0.7500 0.7500 0.7500 0.7500 0.7500 0.7500 0.7500 0.7500 0.7500 0.7500 0.7500 0.7500 0.7500 ;
0.0000 0.0250 0.0500 0.0750 0.1000 0.1250 0.1500 0.1750 0.2000 0.2250 0.2500 0.2750 0.3000 0.3250 0.3500 0.3750 0.4000 0.4250 0.4500 0.4750 0.5000 0.5250 0.5500 0.5750 0.6000 0.6250 0.6500 0.6750 0.7000 0.7250 0.7500 0.7750 0.8000 0.8250 0.8500 0.8750 0.9000 0.9250 0.9500 0.9750 1.0000 1.0250 1.0500 1.0750 1.1000 1.1250 1.1500 1.1750 1.2000 1.2250 1.2500 ;
2.0000 1.9025 1.8097 1.7214 1.6375 1.5576 1.4816 1.4094 1.3406 1.2753 1.2131 1.1539 1.0976 1.0441 0.9932 0.9447 0.8987 0.8548 0.8131 0.7735 0.7358 0.6999 0.6657 0.6333 0.6024 0.5730 0.5451 0.5185 0.4932 0.4691 0.4463 0.4245 0.4038 0.3841 0.3654 0.3475 0.3306 0.3145 0.2991 0.2845 0.2707 0.2575 0.2449 0.2330 0.2216 0.2108 0.2005 0.1907 0.1814 0.1726 0.1642 ;
]